image_width: 640
image_height: 480
camera_name: rgb_PS1080_PrimeSense
camera_matrix:
  rows: 3
  cols: 3
  data: [539.892360, 0, 317.751579, 0, 542.432234, 241.802272, 0, 0, 1]
distortion_model: plumb_bob
distortion_coefficients:
  rows: 1
  cols: 5
  data: [0.064468, -0.141450, 0.006603, -0.004936, 0.000000]
rectification_matrix:
  rows: 3
  cols: 3
  data: [1, 0, 0, 0, 1, 0, 0, 0, 1]
projection_matrix:
  rows: 3
  cols: 4
  data: [542.400513, 0.000000, 314.260781, 0, 0, 546.554443, 243.711864, 0, 0, 0, 1, 0]
